# Created by Octave 4.0.0, Mon Dec 07 15:14:41 2015 GMT Standard Time <unknown@Lenovo-PC-eric>
# name: Theta1
# type: matrix
# rows: 15
# columns: 41
 0.5024232424200504 0.07142072969422475 -0.9877221163940011 1.26761959171316 1.504559657368681 -1.145435707632261 0.5208327092847395 0.5819490480395827 0.6522938144787148 0.545825176085316 0.6628791482562303 0.6091579040242828 0.6191757505739148 0.5690013208375962 -0.2742159856498042 -0.03737532480425142 -0.04434943249355756 0.6424435594476022 0.6597302537255948 -0.9030931104640688 -0.2266571931576417 -2.047226665927515 -0.2841833328920781 -0.4242814692776276 -0.1586692256288618 -1.746656273446374 0.2059106994479262 1.403965624278753 0.08666054567827172 0.342610882002112 -0.3127436256305177 1.292895494465288 0.2272389072977875 -0.6512207406687424 -0.3996016560740582 1.270492556628208 0.2689772896061048 -0.683557881009932 -0.0547078117847026 0.06185500407546912 -0.05236182622028396
 -1.65670270698686 2.287945958127934 1.611027534224132 1.12748956159266 -3.556160025447375 -1.06496166464982 -0.123497307472845 -0.06602758574066332 0.0626452942964169 -0.06324451505406949 -0.1609445104392505 -0.04999776841720622 -0.01795606720786613 0.1605439290650594 -0.815433511531847 -0.1695649670620757 0.7720112724725264 -2.12911341378873 -0.7536359251212684 -0.3630771300749717 0.4592154374233954 -1.37984946856074 0.08823101704505104 1.692949726125385 0.2875376996675202 2.243149955342305 -0.804605668487418 1.563728343792473 0.003923154984256569 2.218811345773227 0.4513494087930627 1.148929996701344 0.3461226146319308 -1.290198226623406 0.4099194060519866 1.291640046442988 0.3569373886280404 -1.165490775392988 -0.03975481225498902 -0.09299494574176431 0.108110262924853
 -0.04660147902783384 -1.897171952206877 1.788463367588886 -2.052441789335714 1.047685893389851 -0.9681147008107772 -0.9163667019801911 -0.6434267413562864 -0.9009599982600733 -0.6701968495850854 -0.7786035781768836 -0.8012359123635704 -0.9744716653175352 -0.6323433654654473 0.1719248472426717 0.3094182431747241 -0.7432795782844129 -0.07907631435563732 0.6606910949247211 -0.1143609391476802 -0.538271818633524 2.403223102323389 0.04001136837571818 -0.6111225058156685 -0.3636132058009345 -0.4480018821364775 0.5162925470070285 -1.237110512226909 -0.4156949758018516 1.897249895906331 0.2563510956711663 -0.9322195509518999 -0.6634941513927376 0.5296456755474099 0.3465006233995149 -0.9698728884964639 -0.5964394133219685 0.3393259245992742 -0.01632619866029841 -0.02100729830398275 0.07891024432658844
 -0.7274799706312579 -0.5122120158973372 1.259131346839193 -0.65741962273431 -1.413266459462755 0.03604150470919817 -0.4255118883898888 -0.009043376648584003 -0.2757201030053713 -0.03349510088429361 -0.2757190929409609 -0.06470298820526962 -0.3663212005015294 -0.1081437877467885 -1.040056785397754 -1.305287296143131 -0.4708935547219773 -2.743230356240331 0.2804226128117974 2.51590331213989 0.6453003176870384 1.708281772522864 0.3031337572069674 1.474667763207052 0.5433717198774218 2.537142480948145 0.4667767157091685 -1.382042188716302 -0.7440985485344013 -1.82520583847733 -0.4590890468822439 -0.2089444611021758 0.2430231768498214 -2.610315540917792 -0.4560235555027783 -0.1871698475594389 0.2992920496048632 -2.542153124312264 -0.08667137296718702 -0.02869730910793142 0.1123010647985359
 -0.04230158401487562 -0.6213558958009366 0.2195564437175511 -3.970796168435975 2.281623039601906 1.418726281957509 0.13723369856446 -0.09842159533399779 -0.05357100854420532 -0.1680164612233174 -0.007312413790958008 -0.03884167189156818 0.01951433865500473 -0.1637285229612215 -0.66886074880135 0.2598824083493967 -0.8897620866645898 0.2130290130042908 0.2081981303825488 1.77931367931552 -0.5393236181437028 1.603245163459236 0.01035113240877085 -1.179823705251998 0.475001278205344 -2.395248195313273 0.2530773666603937 -0.522813813345771 0.4434829322690144 -2.322599477921934 -0.7384085261932211 1.311357992343599 0.9751823464713831 -0.8281813400124182 -0.7780507794822824 1.406208735892749 1.007521091556038 -0.6111155483140658 -0.09936700564056555 0.07295886059277953 0.09043316834308565
 0.9143298756598887 0.0135129168362174 -0.9797478607511156 1.508594590819806 0.8248057244322068 -0.1746505806768565 0.2563556814103773 0.1087913206382702 0.4121894754213852 0.1043638448878735 0.3185174541663429 0.1770524331076803 0.4293130747886063 0.191040548436049 1.151048937276443 0.9763165871902488 0.4046665555546688 2.536894706788506 -0.3650536256578591 -2.227916411831274 -0.5183789521914439 -2.695610199133576 -0.629651497938975 -1.696126139950958 -1.161787454259759 -2.156866605673209 -0.8938259350210277 1.644569396237725 0.4246728076020113 1.060486019041122 0.3768710002581839 0.9720578239223121 -0.5926664227728854 2.685606502937332 0.3541090225554058 1.057516322108726 -0.5329057662870446 2.802061930332149 -0.08756181195406193 0.08725077419720417 0.06150038222875367
 0.432977736589748 0.2422844357206911 0.3599290420354807 -0.8374976466802215 0.2519632106658149 0.7311546641840253 0.5055452651502272 0.6939182920509716 0.6432791570096269 0.620574507540557 0.523522254789264 0.6922097364066676 0.4816478659413245 0.6786956164965262 -0.9011730253095069 -0.2385202013401338 0.1353944770996919 -0.3054919312620942 1.205782263446092 0.6580343614914023 -0.07306523028899146 1.033508448034712 -0.5779033762621011 0.8881957919471756 0.5168480275081554 0.2376171511370596 0.1250721313897194 -0.6119168041239403 0.1256896660478585 -2.347961254498726 -0.2081123142237385 0.4817074556118691 0.9071931328709955 -1.303420890640864 -0.02251317665474517 0.3604519427493502 0.7641198889708527 -1.359949126883865 -0.07586627599651391 0.09199815165059091 0.05012780673890205
 -0.6677205078652932 -0.344434079449921 1.492479944113409 -0.7515448162841964 0.5116021796193366 -1.915775435989253 -0.1758399766698952 0.04784760987848011 -0.1792194475870775 -0.09418628468150503 0.02830772880585689 -0.1166670938485512 0.03018311046134047 -0.1263144953229964 -0.02848631352447593 0.7251225455848037 0.7665214081224502 -0.4308065195813697 0.1237110341402205 -1.452637951757424 -0.5910142843074746 -1.491274435347429 -0.1112005174824294 -1.17060971018914 -0.5439192545822752 -1.762064910496677 -0.08475331243034905 1.458922747609948 0.1841229328555888 2.7338844379712 -0.5745990247403778 0.05288060100764565 0.09265305009732031 -1.50751946779409 -0.3900963820002255 0.02136738117299401 0.07004881981390339 -1.356557955636905 -0.06977172021115252 0.03630290043375772 0.04818392958777934
 -1.288289231849054 1.629958583962435 1.036183642891725 -3.368735347909543 3.43517333915044 -2.390854979676801 0.2221250906227642 0.2520235250193933 0.2847007090690717 0.232022430577519 0.337069205849116 0.1066489230390868 0.2797207211440046 0.2400496043622191 -0.4159509961748132 0.7135026740600976 0.3863776246788398 -0.3447418095043994 0.7559507766830487 1.391493050012061 -0.3332449570324628 2.19020041551592 -0.512107753534027 -0.2319878944333474 0.5176814595265413 -1.617712807051706 1.020357017082258 1.256902464606309 0.4271278691785847 1.731527451548408 -0.5390026624813887 0.6413212324971558 0.4163531266886761 -1.447849410177308 -0.5544232935424609 0.632553248061641 0.3314673818601915 -1.490399046759123 0.1188192653392647 0.06925784150737713 -0.0557648248406715
