# Created by Octave 4.0.0, Mon Dec 07 15:16:55 2015 GMT Standard Time <unknown@Lenovo-PC-eric>
# name: Theta2
# type: matrix
# rows: 6
# columns: 16
 -1.959564442356604 1.231285093637517 2.262988359061598 -5.560841984218968 -3.689835126637464 0.08020114774983229 1.885601847057001 0.38842040443236 -2.889551694275805 1.408721057241112 -3.245888793465811 -2.722332603784094 -2.422639296623116 -1.593997922723279 -3.448571996603703 -2.214603217551784
 0.8749739350305007 -2.325868014516903 -2.366308594686478 0.5424049760275376 -3.833826467723635 -2.90936602236609 3.22424388526533 -4.226990944693043 -2.092073945681579 -3.500657404646616 -2.264051316061389 -3.256774867367462 -4.096436637197282 3.864120364554005 -3.818287118465978 -3.211518204817832
 -6.657420153705202 2.035756414044883 -5.180576276114221 -4.938361347496999 -4.147675077767144 1.730726014939153 2.469120379518482 0.06292398990975652 -1.974362897441594 -2.920906796917905 0.1568064726367769 4.033436000508925 1.971876152565278 0.3327003339620017 8.014969330638525 4.293665176597665
 -2.095916033566982 -2.453367991522711 -4.447091737337829 1.424584316669001 1.305240152697827 5.839040832592216 -5.709288271362318 2.145333743614471 -1.71684769463523 4.918601040928556 -2.778011157468379 -1.472891272353312 -5.704949323852048 -1.555052193229584 -1.995216638678462 -1.452001079991666
 -1.427338412612191 -2.498930943982199 5.205882605647001 -2.928205519340509 4.694523314740622 -4.826245860476198 -4.832121509514685 0.2928961321935852 -3.427240970279085 -6.24606554329226 -1.714130045930725 0.4679584493451082 5.271367820834151 0.7336901872099486 -1.881667381581872 -2.044117380080539
 -1.857485073439653 2.059995566401263 1.659462937533843 -0.1243098902564636 -3.952572025795097 -4.225157402230771 0.4285591743646842 -3.276041449598007 4.641361330377355 2.643393819717341 3.428733259803993 -2.834815156089654 -0.03979032301570816 -7.185156941011627 -4.309040197306274 -0.6673043391651889


